5
8
10
15
17
18
19
22
23
24
26
31
33
34
35
36
38
42
44
45
48
53
58
59
62
65
73
75
78
82
90
92
93
97
101
103
107
117
118
123
127
129
130
131
133
136
137
139
146
147
148
149
150
151
156
157
161
163
165
166
169
173
175
181
187
190
192
193
195
198
199
202
204
205
208
212
214
216
223
224
225
229
230
235
237
238
242
245
249
255
258
259
261
264
268
270
271
272
273
274
278
281
284
285
293
295
299
300
301
302
303
306
307
308
309
310
314
319
321
326
327
329
331
333
336
337
338
339
342
343
346
349
352
355
366
368
372
376
377
380
385
386
390
392
396
398
402
403
406
408
409
411
412
415
424
425
426
429
435
436
438
442
444
445
451
452
453
454
456
457
461
462
466
474
475
476
477
481
482
493
494
496
498
499
505
509
513
515
516
517
518
520
523
524
528
529
530
531
533
536
539
541
543
546
549
550
551
556
558
560
563
566
569
570
571
575
577
583
585
587
588
590
591
594
601
602
604
605
608
611
620
621
623
624
629
630
631
635
637
638
639
646
647
648
651
654
655
656
659
660
663
664
667
669
671
673
676
677
678
687
690
692
695
696
697
698
699
702
705
706
710
711
712
713
714
716
718
720
721
724
727
728
729
731
732
733
735
737
739
743
744
746
749
752
753
754
755
757
764
765
767
770
774
777
778
780
781
788
791
793
796
798
800
801
802
808
810
816
817
818
822
823
824
829
830
832
838
839
840
843
846
850
853
854
855
858
859
862
864
869
873
877
881
889
890
891
897
899
904
905
910
911
919
921
922
924
926
927
928
929
931
934
935
937
939
940
945
948
949
952
953
954
955
956
957
958
960
963
966
970
971
973
975
977
981
984
985
987
996
998
999
1001
1004
1010
1015
1016
1017
1018
1019
1021
1022
1029
1030
1031
1033
1034
1038
1040
1044
1050
1051
1053
1054
1057
1058
1059
1062
1068
1069
1071
1072
1073
1074
1077
1078
1084
1086
1087
1088
1094
1096
1097
1099
1100
1101
1105
1109
1112
1113
1116
1117
1119
1120
1121
1124
1125
1128
1129
1130
1131
1132
1133
1134
1135
1137
1139
1140
1141
1142
1146
1147
1150
1151
1155
1162
1164
1165
1168
1170
1172
1173
1176
1179
1181
1182
1183
1184
1186
1191
1193
1194
1196
1199
1202
1203
1204
1206
1207
1209
1211
1215
1216
1218
1219
1220
1221
1223
1224
1227
1228
1230
1231
1232
1241
1242
1243
1244
1246
1252
1254
1255
1260
1261
1262
1263
1264
1265
1266
1267
1268
1271
1272
1273
1274
1279
1281
1284
1285
1288
1291
1294
1297
1298
1299
1300
1301
1303
1306
1311
1312
1314
1317
1321
1322
1323
1325
1328
1329
1331
1333
1335
1338
1339
1340
1343
1345
1347
1348
1352
1354
1356
1358
1361
1362
1366
1367
1369
1374
1377
1380
1383
1387
1389
1390
1391
1392
1395
1396
1399
1404
1407
1413
1415
1418
1420
1421
1422
1425
1426
1427
1430
1434
1437
1447
1448
1449
1451
1457
1465
1466
1470
1472
1473
1474
1481
1483
1484
1489
1490
1491
1496
1497
1498
1499
1501
1502
1503
1505
1507
1509
1513
1516
1524
1525
1530
1532
1540
1542
1543
1544
1545
1546
1547
1551
1552
1556
1560
1561
1571
1577
1579
1584
1586
1587
1591
1592
1593
1594
1595
1597
1598
1599
1600
1601
1602
1605
1606
1607
1609
1611
1613
1616
1617
1624
1626
1628
1631
1632
1635
1639
1641
1643
1645
1647
1650
1655
1658
1666
1667
1671
1675
1676
1678
1680
1681
1683
1685
1687
1689
1692
1693
1694
1695
1696
1697
1698
1699
1701
1706
1709
1712
1714
1716
1717
1722
1723
1724
1726
1727
1733
1736
1737
1741
1744
1746
1748
1749
1752
1753
1755
1757
1758
1759
1764
1767
1768
1775
1776
1778
1779
1780
1790
1791
1793
1794
1796
1797
1800
1802
1803
1805
1806
1807
1812
1820
1824
1825
1828
1835
1836
1837
1841
1842
1845
1851
1853
1854
1856
1860
1861
1863
1865
1866
1870
1873
1875
1879
1880
1882
1883
1884
1887
1889
1890
1891
1894
1896
1897
1899
1901
1902
1903
1904
1908
1912
1916
1920
1922
1925
1926
1928
1930
1937
1938
1939
1941
1943
1947
1948
1949
1950
1952
1954
1958
1960
1962
1968
1969
1974
1976
1978
1980
1982
1983
1984
1985
1988
1996
1998
2002
2008
2010
2011
2012
2015
2016
2017
2018
2020
2021
2022
2023
2024
2026
2027
2029
2030
2031
2035
2038
2039
2041
2042
2047
2050
2051
2054
2055
2056
2059
2060
2063
2064
2067
2068
2071
2072
2073
2077
2084
2085
2088
2090
2091
2092
2096
2097
2098
2100
2102
2105
2106
2109
2110
2114
2116
2119
2120
2121
2122
2124
2125
2127
2129
2131
2136
2140
2144
2145
2148
2153
2156
2158
2162
2164
2165
2166
2168
2170
2171
2172
2173
2174
2175
2176
2177
2178
2180
2181
2185
2186
2187
2188
2190
2192
2195
2203
2205
2206
2208
2211
2215
2219
2221
2222
2223
2225
2230
2231
2232
2233
2235
2237
2239
2241
2242
2244
2246
2247
2251
2255
2258
2259
2261
2262
2263
2264
2265
2271
2272
2279
2282
2288
2290
2293
2302
2303
2304
2307
2309
2316
2323
2334
2338
2340
2344
2348
2351
2353
2355
2368
2374
2376
2378
2380
2383
2389
2393
2395
2402
2403
2406
2407
2409
2410
2411
2414
2419
2427
2436
2438
2445
2446
2451
2453
2454
2456
2457
2458
2459
2462
2465
2466
2468
2472
2478
2481
2484
2485
2486
2489
2496
2497
2500
2503
2504
2506
2507
2523
2526
2529
2533
2537
2540
2541
2544
2547
2555
2559
2562
2564
2565
2566
2567
2572
2575
2576
2581
2583
2589
2590
2592
2593
2595
2599
2605
2608
2609
2611
2620
2621
2624
2625
2627
2628
2629
2634
2638
2641
2643
2645
2649
2656
2659
2663
2664
2665
2668
2669
2670
2674
2676
2679
2680
2681
2683
2684
2685
2688
2689
2691
2692
2693
2699
2700
2718
2719
2724
2730
2731
2734
2736
2737
2738
2740
2743
2745
2747
2748
2750
2751
2752
2753
2756
2757
2761
2764
2765
2769
2771
2772
2774
2776
2777
2779
2781
2784
2785
2786
2787
2788
2790
2792
2793
2794
2796
2804
2807
2808
2810
2812
2814
2818
2820
2824
2825
2826
2832
2837
2840
2841
2847
2848
2849
2852
2854
2857
2859
2860
2866
2868
2872
2873
2876
2878
2880
2885
2887
2888
2889
2890
2895
2896
2899
2900
2901
2903
2905
2907
2909
2910
2913
2916
2918
2919
2926
2928
2929
2931
2933
2934
2938
2939
2941
2942
2943
2944
2946
2947
2952
2955
2962
2966
2967
2968
2969
2972
2974
2976
2978
2980
2985
2986
2990
2994
2995
2996
2997
3001
3002
3007
3012
3013
3014
3017
3018
3020
3024
3025
3026
3029
3031
3032
3033
3036
3038
3044
3045
3051
3053
3054
3055
3056
3057
3058
3065
3067
3069
3072
3074
3075
3080
3081
3082
3085
3087
3093
3095
3096
3099
3101
3105
3108
3110
3112
3118
3121
3123
3125
3128
3129
3135
3138
3140
3143
3145
3147
3151
3154
3157
3158
3159
3163
3167
3169
3171
3178
3180
3182
3183
3189
3191
3192
3193
3195
3196
3198
3200
3201
3202
3203
3205
3208
3210
3213
3216
3217
3219
3224
3226
3227
3228
3229
3230
3231
3233
3240
3242
3243
3246
3250
3253
3259
3260
3261
3263
3265
3266
3270
3271
3272
3274
3277
3280
3281
3283
3285
3292
3299
3300
3301
3304
3308
3309
3311
3312
3313
3314
3315
3319
3320
3327
3328
3329
3333
3336
3340
3341
3345
3346
3349
3353
3356
3358
3361
3363
3364
3365
3367
3370
3371
3377
3378
3380
3386
3387
3389
3390
3391
3393
3394
3399
3400
3401
3402
3403
3410
3411
3412
3414
3415
3416
3418
3419
3420
3422
3423
3425
3428
3430
3434
3436
3441
3442
3445
3450
3453
3454
3457
3458
3462
3464
3469
3471
3473
3474
3475
3476
3477
3481
3483
3484
3487
3490
3491
3493
3499
3501
3503
3504
3507
3509
3511
3512
3513
3515
3516
3517
3518
3519
3520
3521
3524
3526
3529
3536
3538
3539
3540
3546
3547
3550
3555
3556
3557
3558
3560
3561
3562
3563
3564
3565
3568
3569
3572
3574
3576
3578
3579
3585
3586
3588
3589
3590
3591
3592
3596
3599
3600
3601
3603
3607
3608
3610
3611
3612
3614
3615
3618
3619
3620
3621
3622
3624
3625
3626
3630
3635
3638
3641
3643
3648
3650
3651
3652
3653
3654
3658
3661
3665
3669
3672
3673
3675
3677
3678
3679
3681
3683
3684
3685
3687
3688
3689
3690
3691
3693
3695
3696
3697
3704
3705
3709
3712
3713
3715
3716
3717
3718
3720
3721
3724
3726
3727
3729
3732
3733
3735
3737
3741
3742
3745
3746
3751
3752
3754
3756
3757
3760
3761
3762
3763
3768
3769
3770
3771
3773
3778
3780
3789
3790
3791
3792
3793
3796
3799
3801
3804
3806
3807
3808
3812
3815
3816
3819
3821
3822
3823
3824
3825
3827
3829
3830
3833
3834
3836
3837
3841
3842
3844
3847
3850
3853
3858
3859
3860
3864
3868
3878
3882
3884
3885
3887
3888
3889
3892
3894
3898
3900
3902
3903
3904
3908
3910
3913
3914
3916
3923
3927
3929
3930
3931
3934
3935
3940
3942
3945
3946
3947
3951
3953
3955
3957
3958
3961
3963
3965
3967
3970
3971
3974
3976
3978
3981
3983
3985
3988
3989
3992
3993
3994
3995
3996
3997
3998
3999
4001
4005
4006
4007
4009
4013
4014
4016
4018
4021
4022
4024
4026
4028
4030
4032
4033
4034
4036
4040
4041
4042
4043
4048
4049
4050
4053
4054
4055
4058
4060
4062
4064
4070
4071
4072
4077
4078
4079
4082
4083
4084
4085
4086
4088
4089
4090
4093
4094
4096
4098
4099
4103
4104
4107
4112
4114
4115
4116
4117
4118
4121
4122
4124
4126
4130
4139
4140
4141
4144
4150
4152
4153
4156
4161
4162
4167
4168
4169
4171
4177
4179
4183
4186
4193
4194
4203
4204
4207
4210
4212
4213
4215
4217
4220
4222
4223
4224
4225
4227
4233
4234
4235
4237
4238
4242
4243
4250
4253
4258
4260
4261
4265
4268
4269
4271
4272
4277
4279
4281
4284
4285
4286
4287
4289
4291
4298
4302
4303
4305
4309
4310
4312
4315
4318
4322
4323
4327
4328
4329
4333
4334
4335
4336
4337
4342
4343
4344
4345
4347
4351
4352
4353
4354
4356
4360
4361
4362
4363
4364
4367
4368
4371
4373
4374
4375
4377
4379
4380
4381
4384
4386
4387
4388
4389
4390
4401
4404
4406
4407
4408
4411
4414
4416
4418
4422
4425
4430
4433
4436
4437
4438
4446
4447
4448
4449
4451
4452
4456
4457
4458
4459
4461
4466
4467
4470
4471
4472
4473
4476
4477
4478
4480
4482
4483
4484
4488
4489
4490
4491
4496
4497
4502
4505
4506
4507
4508
4509
4510
4511
4512
4514
4517
4520
4521
4522
4523
4524
4526
4531
4532
4535
4543
4556
4560
4562
4566
4568
4571
4572
4573
4577
4578
4579
4580
4585
4589
4591
4592
4593
4596
4600
4601
4605
4606
4607
4609
4610
4611
4615
4619
4620
4621
4626
4631
4634
4635
4637
4643
4645
4647
4653
4655
4656
4658
4659
4661
4662
4663
4666
4671
4673
4675
4680
4681
4682
4687
4688
4697
4699
4700
4704
4705
4706
4708
4711
4715
4718
4725
4726
4728
4729
4732
4734
4735
4736
4737
4738
4742
4747
4748
4750
4754
4765
4771
4773
4774
4779
4780
4784
4785
4786
4788
4789
4790
4791
4795
4796
4800
4801
4802
4806
4808
4809
4810
4813
4814
4815
4816
4819
4821
4823
4824
4826
4829
4831
4832
4834
4837
4843
4845
4849
4852
4854
4855
4861
4865
4867
4868
4869
4870
4879
4882
4884
4887
4888
4889
4890
4897
4898
4899
4901
4904
4906
4907
4909
4917
4918
4921
4922
4927
4928
4932
4933
4934
4937
4939
4940
4942
4945
4946
4948
4950
4951
4952
4953
4956
4957
4958
4959
4961
4962
4964
4967
4972
4973
4975
4977
4979
4980
4981
4983
4984
4985
4994
4995
5000
5001
5002
5005
5008
5011
5014
5015
5018
5019
5021
5023
5025
5026
5029
5034
5035
5038
5039
5040
5041
5042
5044
5046
5047
5049
5053
5054
5056
5059
5061
5063
5065
5070
5074
5076
5077
5081
5082
5083
5084
5085
5086
5087
5090
5091
5096
5097
5098
5099
5100
5102
5103
5107
5108
5109
5111
5112
5113
5114
5120
5121
5124
5126
5131
5136
5137
5138
5139
5140
5142
5143
5153
5156
5158
5161
5163
5167
5172
5173
5178
5180
5182
5184
5185
5193
5197
5198
5205
5208
5209
5219
5220
5222
5223
5225
5230
5233
5234
5239
5249
5250
5251
5253
5255
5256
5260
5264
5265
5268
5269
5271
5273
5277
5278
5281
5282
5283
5286
5287
5289
5294
5300
5302
5305
5306
5312
5317
5319
5321
5323
5324
5327
5329
5333
5335
5337
5340
5342
5344
5345
5347
5349
5350
5352
5353
5355
5359
5361
5364
5365
5367
5369
5371
5376
5378
5386
5387
5389
5390
5393
5394
5395
5397
5401
5403
5404
5408
5412
5413
5418
5422
5424
5426
5428
5429
5430
5432
5433
5434
5437
5441
5443
5445
5446
5447
5448
5449
5450
5452
5453
5455
5457
5458
5459
5463
5464
5466
5468
5469
5472
5473
5475
5480
5482
5483
5488
5491
5492
5493
5497
5501
5504
5511
5512
5516
5517
5518
5519
5520
5522
5523
5524
5526
5530
5531
5535
5536
5538
5539
5543
5545
5547
5548
5550
5553
5555
5556
5557
5561
5565
5567
5568
5569
5570
5571
5573
5574
5575
5576
5580
5582
5583
5585
5592
5593
5594
5595
5596
5597
5598
5599
5600
5604
5605
5607
5614
5615
5616
5620
5621
5623
5625
5626
5627
5630
5634
5636
5641
5643
5645
5647
5649
5650
5653
5654
5657
5658
5659
5661
5663
5664
5667
5675
5677
5678
5679
5680
5682
5683
5684
5686
5689
5691
5698
5699
5701
5705
5706
5707
5716
5717
5718
5720
5722
5723
5726
5728
5733
5734
5738
5744
5747
5749
5752
5754
5755
5759
5761
5762
5763
5765
5767
5769
5770
5771
5775
5776
5777
5779
5780
5785
5786
5787
5788
5792
5794
5795
5801
5805
5806
5809
5811
5812
5824
5826
5831
5837
5838
5840
5841
5843
5845
5847
5848
5851
5852
5853
5854
5857
5858
5861
5862
5871
5872
5874
5875
5878
5880
5881
5885
5886
5888
5889
5890
5892
5894
5905
5906
5908
5911
5912
5915
5916
5917
5920
5922
5924
5925
5927
5938
5939
5942
5948
5949
5950
5952
5954
5955
5956
5957
5960
5961
5963
5964
5971
5972
5974
5978
5980
5981
5982
5986
5990
5995
5996
5998
6000
6001
6002
6003
6007
6010
6011
6013
6016
6018
6023
6025
6030
6035
6036
6037
6039
6040
